full pass: 12.956260919570923
load sample: 0.11100029945373535
sort: 0.0009989738464355469
strip: 0.002999544143676758
cast: 0.0039997100830078125
vectorize: 12.80126166343689
avg tokenize: 0.008577925430226263
avg append: 6.697133143529815e-07
dataset: 0.035001277923583984
write: 0.00099945068359375

(array([  0,   1,   2,   3,   4,  10,  11,  12,  13,  14,  15,  16,  17,
        20,  21,  29,  30,  31,  39,  41,  47,  48,  49,  98,  99, 106,
       119, 120, 121, 132, 230, 231, 232, 234, 235, 238, 247, 252, 253,
       451, 452, 576, 577, 578, 579, 580, 581, 582, 583, 584, 585, 586,
       588, 589, 590, 592, 593, 594, 595, 596, 597, 598, 600, 601, 602,
       603, 604, 605, 606, 607, 608, 609, 610, 611, 612, 613, 614, 616,
       617, 618, 619, 620, 621, 623, 625, 626, 627, 629, 630, 633, 634,
       635, 642, 648, 651, 656, 658, 659, 660, 661, 662, 663, 664, 685,
       712]), array([   2,    1,    1, 1492, 1492, 1430,   10,   37,    2,    1,   12,
         11,    9,    8,    4,   43,    8,    1,   10,    1,    3,    1,
          5,    4,    1,    1,    1,    1,    1,    1,   10,   12,    4,
          5,    9,    3,    1,    1,    1,    1,    1, 1684,   10,  123,
        216,   56,   64,  160,   42,   50,   36,   58,   83,   82,    4,
         33,   32,   46,   47,   43,   79,   20,   21,   31,   91,   13,
         32,    2,   31,   16,   15,   30,   14,    5,    8,    2,    9,
          8,    8,    8,    6,    2,   15,    8,    2,    3,    9,    1,
          1,    1,    1,    2,    1,    4,    1,    1,    1,    1,    1,
          1,    1,    1,    2,   18,    3], dtype=int64))