full pass: 1897.5805242061615
load sample: 0.10399150848388672
sort: 0.0010001659393310547
strip: 0.002000093460083008
cast: 0.02000117301940918
vectorize: 1897.3435308933258
avg tokenize: 1.271673276021717
avg append: 3.353520308998251e-06
dataset: 0.10700058937072754
write: 0.0020012855529785156
(array([  0,   1,   2,   3,   4,   5,   6,   7,   8,   9,  10,  11,  12,
        13,  14,  15,  16,  17,  20,  21,  29,  30,  31,  39,  41,  47,
        48,  49,  77,  98,  99, 106, 119, 120, 121, 132, 230, 231, 232,
       234, 235, 238, 247, 252, 253, 451, 452, 576, 577, 578, 579, 580,
       581, 582, 583, 584, 585, 586, 588, 589, 590, 592, 593, 594, 595,
       596, 597, 598, 600, 601, 602, 603, 604, 605, 606, 607, 608, 609,
       610, 611, 612, 613, 614, 616, 617, 618, 619, 620, 621, 623, 625,
       626, 627, 629, 630, 633, 634, 635, 642, 648, 651, 656, 658, 659,
       660, 661, 662, 663, 664, 685, 712]), array([20984,     1,     1,  1492,  1492,  6932,  6962, 11771,  6220,
        6206,  1430,    10,    37,     2,     1,    12,    11,     9,
           8,     4,    43,     8,     1,    10,     1,     3,     1,
           5,  1492,     4,     1,     1,     1,     1,     1,     1,
          10,    12,     4,     5,     9,     3,     1,     1,     1,
           1,     1,  1684,    10,   123,   216,    56,    64,   160,
          42,    50,    36,    58,    83,    82,     4,    33,    32,
          46,    47,    43,    79,    20,    21,    31,    91,    13,
          32,     2,    31,    16,    15,    30,    14,     5,     8,
           2,     9,     8,     8,     8,     6,     2,    15,     8,
           2,     3,     9,     1,     1,     1,     1,     2,     1,
           4,     1,     1,     1,     1,     1,     1,     1,     1,
           2,    18,     3], dtype=int64))